Before sort
21391
12842
16975
14066
12041
13616
17959
7405
24520
21789
16670
18446
1430
31849
22110
26406
2826
17946
25698
4113
23201
11915
685
5784
27152
16748
1980
19094
4057
26890
11065
24922
22301
17104
6257
3661
17841
7438
1288
3796
18548
506
8171
11640
14815
29685
27783
69
14045
16143
41
18467
6334
26500
19169
15724
11478
29358
26962
24464
5705
28145
23281
16827
9961
491
2995
11942
4827
5436
32391
14604
3902
153
292
12382
17421
18716
19718
19895
5447
21726
14771
11538
1869
19912
25667
26299
17035
9894
28703
23811
31322
30333
17673
4664
15141
7711
28253
6868
41
18467
6334
26500
19169
15724
11478
29358
26962
24464
5705
28145
23281
16827
9961
491
2995
11942
4827
5436
32391
14604
3902
153
292
12382
17421
18716
19718
19895
5447
21726
14771
11538
1869
19912
25667
26299
17035
9894
28703
23811
31322
30333
17673
4664
15141
7711
28253
6868
41
18467
6334
26500
19169
15724
11478
29358
26962
24464
5705
28145
23281
16827
9961
491
2995
11942
4827
5436
32391
14604
3902
153
292
12382
17421
18716
19718
19895
5447
21726
14771
11538
1869
19912
25667
26299
17035
9894
28703
23811
31322
30333
17673
4664
15141
7711
28253
6868
41
18467
6334
26500
19169
15724
11478
29358
26962
24464
5705
28145
23281
16827
9961
491
2995
11942
4827
5436
32391
14604
3902
153
292
12382
17421
18716
19718
19895
5447
21726
14771
11538
1869
19912
25667
26299
17035
9894
28703
23811
31322
30333
17673
4664
15141
7711
28253
6868
41
18467
6334
26500
19169
15724
11478
29358
26962
24464
5705
28145
23281
16827
9961
491
2995
11942
4827
5436
32391
14604
3902
153
292
12382
17421
18716
19718
19895
5447
21726
14771
11538
1869
19912
25667
26299
17035
9894
28703
23811
31322
30333
17673
4664
15141
7711
28253
6868
41
18467
6334
26500
19169
15724
11478
29358
26962
24464
5705
28145
23281
16827
9961
491
2995
11942
4827
5436
32391
14604
3902
153
292
12382
17421
18716
19718
19895
5447
21726
14771
11538
1869
19912
25667
26299
17035
9894
28703
23811
31322
30333
17673
4664
15141
7711
28253
6868
41
18467
6334
26500
19169
15724
11478
29358
26962
24464
5705
28145
23281
16827
9961
491
2995
11942
4827
5436
32391
14604
3902
153
292
12382
17421
18716
19718
19895
5447
21726
14771
11538
1869
19912
25667
26299
17035
9894
28703
23811
31322
30333
17673
4664
15141
7711
28253
6868
41
18467
6334
26500
19169
15724
11478
29358
26962
24464
5705
28145
23281
16827
9961
491
2995
11942
4827
5436
32391
14604
3902
153
292
12382
17421
18716
19718
19895
5447
21726
14771
11538
1869
19912
25667
26299
17035
9894
28703
23811
31322
30333
17673
4664
15141
7711
28253
6868
41
18467
6334
26500
19169
15724
11478
29358
26962
24464
5705
28145
23281
16827
9961
491
2995
11942
4827
5436
32391
14604
3902
153
292
12382
17421
18716
19718
19895
5447
21726
14771
11538
1869
19912
25667
26299
17035
9894
28703
23811
31322
30333
17673
4664
15141
7711
28253
6868
41
18467
6334
26500
19169
15724
11478
29358
26962
24464
5705
28145
23281
16827
9961
491
2995
11942
4827
5436
32391
14604
3902
153
292
12382
17421
18716
19718
19895
5447
21726
14771
11538
1869
19912
25667
26299
17035
9894
28703
23811
31322
30333
17673
4664
15141
7711
28253
6868
41
18467
6334
26500
19169
15724
11478
29358
26962
24464
5705
28145
23281
16827
9961
491
2995
11942
4827
5436
32391
14604
3902
153
292
12382
17421
18716
19718
19895
5447
21726
14771
11538
1869
19912
25667
26299
17035
9894
28703
23811
31322
30333
17673
4664
15141
7711
28253
6868
After sort
-92559631349317830736831783200707727132248687965119994463780864
-92559631349317830736831783200707727132248687965119994463780864
-92559631349317830736831783200707727132248687965119994463780864
41
41
41
41
41
41
41
41
41
41
41
41
41
41
41
41
69
69
69
69
69
153
153
153
153
153
153
153
153
153
153
153
153
153
292
292
292
292
292
292
292
292
292
292
292
292
292
292
491
491
491
491
491
491
491
491
491
491
506
685
1430
1869
1869
1869
1869
1869
1869
1869
1869
1869
1869
1869
1869
1869
1869
1980
1980
2826
2826
2826
2826
2826
2826
2826
2826
2995
2995
2995
2995
2995
2995
2995
2995
2995
3902
3902
3902
3902
3902
3902
3902
4057
4057
4057
4113
4113
4664
4664
4664
4664
4664
4664
4664
4664
4664
4664
4664
4664
4664
4664
4664
4664
4664
4664
4664